years_estimation <- 2004:2014
years_prediction <- 2012:2014


